50 0.151167 sync: 0| 0.33863 -0.164816
1050 0.0100144 sync: 0| 0.028675 -0.161149
2050 0.00609097 sync: 0| 0.0161 -0.161059
3050 0.00429874 sync: 0| 0.011385 -0.161028
4050 0.00306892 sync: 0| 0.0088768 -0.161012
5050 0.00252418 sync: 0| 0.0073082 -0.161002
6050 0.00215001 sync: 0| 0.0062294 -0.160996
7050 0.00202043 sync: 0| 0.0054397 -0.160992
8050 0.00179509 sync: 0| 0.0048353 -0.160988
9050 0.00161677 sync: 0| 0.004357 -0.160985
10050 0.00147209 sync: 0| 0.0039686 -0.160983
11050 0.00135225 sync: 0| 0.0036466 -0.160982
12050 0.0012512 sync: 0| 0.0033751 -0.16098
13050 0.00116479 sync: 0| 0.0031429 -0.160979
14050 0.00101222 sync: 0| 0.002942 -0.160978
15050 0.000951583 sync: 0| 0.0027663 -0.160977
16050 0.000898029 sync: 0| 0.0026113 -0.160976
17050 0.000850495 sync: 0| 0.0024735 -0.160975
18050 0.000807974 sync: 0| 0.0023501 -0.160975
19050 0.00076967 sync: 0| 0.002239 -0.160974
20050 0.000734916 sync: 0| 0.0021384 -0.160974
21050 0.000703317 sync: 0| 0.0020468 -0.160973
22050 0.000674469 sync: 0| 0.0019631 -0.160973
23050 0.000647941 sync: 0| 0.0018862 -0.160972
24050 0.000623611 sync: 0| 0.0018154 -0.160972
25050 0.000601007 sync: 0| 0.00175 -0.160972
26050 0.00058012 sync: 0| 0.0016893 -0.160971
27050 0.000560709 sync: 0| 0.0016329 -0.160971
28050 0.000578712 sync: 0| 0.0015803 -0.160971
29050 0.0005607 sync: 0| 0.0015311 -0.160971
30050 0.00054375 sync: 0| 0.001485 -0.16097
31050 0.000527813 sync: 0| 0.0014418 -0.16097
32050 0.000512853 sync: 0| 0.0014011 -0.16097
33050 0.000498795 sync: 0| 0.0013627 -0.16097
34050 0.00048553 sync: 0| 0.0013265 -0.16097
35050 0.000472909 sync: 0| 0.0012922 -0.16097
36050 0.000460971 sync: 0| 0.0012597 -0.160969
37050 0.00044967 sync: 0| 0.0012289 -0.160969
38050 0.000438965 sync: 0| 0.0011997 -0.160969
39050 0.000428727 sync: 0| 0.0011718 -0.160969
40050 0.000419054 sync: 0| 0.0011453 -0.160969
41050 0.00040975 sync: 0| 0.00112 -0.160969
42050 0.000400862 sync: 0| 0.0010958 -0.160969
43050 0.000392369 sync: 0| 0.0010727 -0.160969
44050 0.000384295 sync: 0| 0.0010506 -0.160968
45050 0.000376482 sync: 0| 0.0010295 -0.160968
46050 0.000369093 sync: 0| 0.0010092 -0.160968
47050 0.000361927 sync: 0| 0.00098971 -0.160968
48050 0.000355061 sync: 0| 0.000971 -0.160968
49050 0.000348433 sync: 0| 0.00095303 -0.160968
50050 0.000342168 sync: 0| 0.00093573 -0.160968
51050 0.000336022 sync: 0| 0.00091908 -0.160968
52050 0.000330168 sync: 0| 0.00090303 -0.160968
53050 0.000324458 sync: 0| 0.00088756 -0.160968
54050 0.000319019 sync: 0| 0.00087264 -0.160968
55050 0.000294142 sync: 0| 0.00085823 -0.160968
56050 0.00028931 sync: 0| 0.0008443 -0.160968
57050 0.000284706 sync: 0| 0.00083085 -0.160967
58050 0.000280282 sync: 0| 0.00081783 -0.160967
59050 0.000275945 sync: 0| 0.00080523 -0.160967
60050 0.000271687 sync: 0| 0.00079303 -0.160967
61050 0.000267676 sync: 0| 0.00078121 -0.160967
62050 0.000263734 sync: 0| 0.00076976 -0.160967
63050 0.000259856 sync: 0| 0.00075865 -0.160967
64050 0.000256209 sync: 0| 0.00074786 -0.160967
65050 0.000252573 sync: 0| 0.0007374 -0.160967
66050 0.000249117 sync: 0| 0.00072723 -0.160967
67050 0.000245706 sync: 0| 0.00071736 -0.160967
68050 0.000242424 sync: 0| 0.00070776 -0.160967
69050 0.000239224 sync: 0| 0.00069842 -0.160967
70050 0.000236146 sync: 0| 0.00068934 -0.160967
71050 0.000233099 sync: 0| 0.0006805 -0.160967
72050 0.000230125 sync: 0| 0.0006719 -0.160967
73050 0.00022722 sync: 0| 0.00066352 -0.160967
74050 0.000224425 sync: 0| 0.00065535 -0.160967
75050 0.000221694 sync: 0| 0.00064739 -0.160967
76050 0.000219025 sync: 0| 0.00063963 -0.160967
77050 0.000216458 sync: 0| 0.00063206 -0.160967
78050 0.000213862 sync: 0| 0.00062468 -0.160967
79050 0.000211408 sync: 0| 0.00061748 -0.160966
80050 0.000209006 sync: 0| 0.00061044 -0.160966
81050 0.000206698 sync: 0| 0.00060357 -0.160966
82050 0.000204354 sync: 0| 0.00059686 -0.160966
83050 0.000202144 sync: 0| 0.00059031 -0.160966
84050 0.000199936 sync: 0| 0.0005839 -0.160966
85050 0.000197773 sync: 0| 0.00057764 -0.160966
86050 0.000195653 sync: 0| 0.00057151 -0.160966
87050 0.000193575 sync: 0| 0.00056552 -0.160966
88050 0.00019158 sync: 0| 0.00055966 -0.160966
89050 0.00018958 sync: 0| 0.00055392 -0.160966
90050 0.000187661 sync: 0| 0.00054831 -0.160966
91050 0.000185822 sync: 0| 0.00054281 -0.160966
92050 0.000183932 sync: 0| 0.00053743 -0.160966
93050 0.000182119 sync: 0| 0.00053216 -0.160966
94050 0.000180382 sync: 0| 0.00052699 -0.160966
95050 0.000178677 sync: 0| 0.00052193 -0.160966
96050 0.000176961 sync: 0| 0.00051697 -0.160966
97050 0.000175231 sync: 0| 0.0005121 -0.160966
98050 0.000173617 sync: 0| 0.00050733 -0.160966
99050 0.000171989 sync: 0| 0.00050265 -0.160966
100050 0.000170474 sync: 0| 0.00049806 -0.160966
